55.45	
31.87	
31.03	
32.4	
39.64	
61.92	
30.14	
33.4	
44.52	
24.29	
30.88	
13.29	
27.77	
41.94	
27.34	
44.39	
8.49	
39.78	
35.1	
74.99	
33.4	
66.6	
13.82	
19.42	
38.77	
35.85	
18.42	
31.35	
38.6	
21.54	
24.07	
38.6	
35.75	
55.64	
17.6	
42.64	
35.23	
7.84	
39	
51.43	
44.7	
33.08	
33.42	
38.02	
35.17	
56.7	
38	
35.23	
34.29	
32.04	
37.42	
44.4	
28.8	
13.46	
54.9	
14.2	
50.7	
40.06	
15.09	
31.65	
28.47	
24.9	
79.3	
4.78	
24.1	
34.2	
39.7	
17.84	
37.26	
36.94	
14.8	
53.1	
72.1	
29.89	
56.34	
56.1	
29.07	
8.06	
44.86	
69.84	
36.15	
46.25	
32.25	
73.7	
52.82	
18.03	
48.85	
39.42	
10.39	
13.57	
51.73	
40.15	
57.03	
31.35	
33.72	
17.54	
6.9	
14.59	
28.6	
13.33	
52.5	
53.77	
25.56	
34.57	
60.2	
39.3	
37.92	
24	
37.27	
19.42	
16.89	
10.73	
24.28	
33.66	
47.4	
14.99	
33.61	
12.37	
41.54	
32.01	
4.83	
19.69	
35.3	
43.7	
46.9	
25.56	
29.41	
21.26	
16.5	
28.24	
15.57	
57.22	
37.27	
60.29	
21.91	
6.81	
13.71	
24.85	
39.44	
46.2	
39.06	
28.94	
57.23	
22.84	
23.08	
12.55	
45.08	
52.04	
27.22	
33.42	
26.2	
33	
33.4	
40.86	
41.2	
59.76	
25.62	
9.69	
29.73	
31.35	
59.3	
26.91	
13.52	
13.66	
12.47	
41.68	
56.61	
42.13	
47.71	
24.13	
55.55	
17.96	
19.2	
49.97	
13.62	
48.79	
60.32	
37.4	
52.2	
53.46	
41.54	
31.02	
39.38	
55.2	
52.3	
42.22	
51.26	
42.14	
25.69	
33.4	
24.54	
37.44	
59.89	
4.9	
15.42	
51.96	
21.78	
26.74	
21.16	
56.85	
24.43	
39.66	
28.1	
40.15	
24.92	
34.67	
32.96	
32.82	
39.58	
33.06	
22.95	
36.94	
19.93	
50.94	
22.32	
27.04	
65.2	
21.6	
25.2	
79.99	
35.57	
33.7	
20.73	
41.64	
67.57	
21.65	
59.8	
47.13	
74.17	
42.55	
13.2	
44.52	
26.05	
38.07	
18.2	
36.44	
8	
25.57	
39.61	
15.03	
46.23	
28.63	
34.49	
20.97	
34.56	
37.91	
36.25	
13.36	
12.46	
35.87	
60.95	
24	
3.32	
48.59	
6.27	
21.48	
26.26	
33.96	
15.62	
18.13	
57.92	
40.71	
9.99	
6.47	
12.84	
47.22	
37.33	
41.05	
45.37	
22.14	
43.73	
52.43	
43.01	
47.74	
11.17	
47.97	
24.45	
23.74	
24.4	
9.74	
11.47	
33.27	
12.25	
31.35	
12.18	
41.93	
37.43	
56.63	
45.85	
33.4	
76.24	
47.81	
77.3	
39.05	
15.44	
38.46	
15.82	
62.94	
24.4	
33.31	
32.92	
31.42	
79.3	
19.77	
8.2	
8.54	
13.12	
18.02	
37.72	
38.22	
79.4	
14.31	
15.75	
15.36	
16.28	
23.52	
14.2	
33.54	
54.28	
60.29	
37.23	
61.24	
32.96	
43.38	
12.18	
55.65	
15.87	
16.5	
45.9	
14.4	
13.52	
50.08	
21.86	
10.79	
37.43	
59	
36.99	
34.4	
61.07	
51.86	
31.25	
35.3	
7.51	
31.84	
29.87	
33.05	
20.08	
73.3	
71.62	
21.07	
25.22	
80.2	
39.46	
32.53	
37.36	
23.25	
70.7	
31.74	
37.8	
9.01	
4.57	
42.92	
49.2	
21.06	
50.77	
64.3	
46.68	
44.28	
13.09	
41.41	
64.3	
23.69	
45.7	
33.73	
33.8	
20.42	
61.09	
29	
25.12	
23.51	
32.88	
44.09	
23.52	
36.97	
33.4	
21.92	
17.95	
68.1	
52.44	
11.58	
55.25	
66.95	
76.8	
6.28	
31.45	
9.74	
13.46	
17.22	
43.8	
26.4	
18	
19.54	
14.99	
27.63	
56.06	
71.99	
12.73	
31.18	
11.65	
63.4	
19.99	
9.45	
48.72	
36.45	
30.96	
11.48	
2.33	
26.23	
65.2	
29.65	
32.72	
29.75	
55.06	
16.88	
31.42	
69.3	
54.6	
61.8	
55.26	
15.58	
36.35	
21.5	
52.12	
59.09	
32.66	
43.39	
15.57	
53.9	
38.2	
11.85	
68.75	
55.02	
59.59	
45.3	
40.76	
54.1	
24.5	
8.37	
39.94	
49.9	
23.52	
47.82	
26.86	
33.69	
36.64	
38.63	
18.75	
43.58	
46.8	
32.1	
33.21	
65.91	
28.02	
51.72	
66.1	
8.54	
35.76	
15.52	
25.61	
30.12	
55.9	
44.64	
33.76	
15.09	
30.57	
60.29	
50.73	
36.45	
22.35	
51.02	
40.86	
28.99	
38.46	
37.92	
12.05	
38.41	
39.38	
52.91	
40.56	
26.77	
43.89	
15.07	
13.18	
21.75	
51.06	
40.39	
23.8	
12.54	
42.13	
47.71	
40.66	
40.27	
62.5	
41.37	
71.3	
15.53	
13.54	
44.28	
40.23	
44.33	
39.49	
29.98	
17.2	
44.28	
26.92	
81.75	
27.74	
26.06	
12.64	
11.47	
33.69	
31.9	
53.69	
23.35	
48.4	
46.39	
64.9	
37.27	
40.06	
36.3	
42.13	
27.53	
41.89	
40.93	
23.14	
11.98	
37.81	
24.05	
65.91	
39.36	
27.42	
31.27	
44.14	
24.89	
28.99	
55.5	
39	
58.52	
23.7	
26.06	
44.52	
59.2	
26.92	
29.45	
79.3	
45.71	
12.79	
38.7	
25.18	
29.79	
40.87	
52.91	
45.94	
35.08	
47.28	
9.13	
46.23	
6.94	
41.05	
35.34	
15.42	
40.68	
79.3	
42.62	
39.15	
23.89	
36.35	
77.3	
33.19	
15.61	
42.42	
24.44	
60.28	
29.55	
33.01	
34.24	
17.54	
44.21	
59.49	
20.92	
44.3	
37.17	
41.24	
43.25	
67.31	
25.97	
32.33	
48.97	
33.94	
38.89	
26.94	
35.31	
24.24	
36.96	
41.16	
9.85	
24.66	
37.91	
40.86	
56.62	
22.63	
23.22	
10.03	
61.99	
21.18	
58.61	
67.11	
64.9	
14.7	
45.37	
24.1	
56.83	
39.16	
46.93	
11.96	
55.83	
33.8	
71.3	
33.56	
39.3	
53.52	
33.95	
53.52	
35.96	
43.7	
30.28	
10.54	
52.83	
43.5	
30.12	
43.06	
62.05	
24.39	
51.02	
68.3	
13.22	
31.81	
55.51	
41.1	
65.7	
15.04	
17.17	
25.37	
41.68	
56.14	
33.7	
36.84	
67.7	
23.74	
50.66	
34.68	
17.37	
71.3	
15.34	
41.37	
16.26	
54.38	
42.33	
50.95	
17.54	
31.72	
33.8	
68.5	
43.57	
21.29	
25.1	
25.18	
14.84	
22.53	
39.32	
33.3	
18.29	
55.9	
38.61	
47.78	
22.49	
23.79	
66.9	
64.02	
43.58	
24.28	
12.45	
42.03	
74.7	
55.9	
17.57	
22.44	
32.77	
10.38	
27.83	
58.8	
25.51	
10.09	
36.56	
43.38	
14.5	
37.96	
26.85	
44.87	
50.51	
41.54	
32.07	
40.93	
39.27	
28.3	
19.52	
75.5	
66.78	
31.18	
52.45	
31.64	
