0.202202	
0.572573	
0.751752	
0.60961	
0.715716	
0.487487	
0.798799	
0.82983	
0.192192	
0.222222	
0.682683	
0.114114	
0.0790791	
0.718719	
0.428428	
0.0960961	
0.182182	
0.125125	
0.726727	
0.780781	
0.272272	
0.616617	
0.339339	
0.681682	
0.566567	
0.964965	
0.763764	
0.0570571	
0.102102	
0.011011	
0.637638	
0.2002	
0.379379	
0.553554	
0.267267	
0.293293	
0.633634	
0.279279	
0.646647	
0.189189	
0.586587	
0.830831	
0.209209	
0.455455	
0.602603	
0.101101	
0.892893	
0.817818	
0.918919	
0.811812	
0.588589	
0.881882	
0.448448	
0.225225	
0.846847	
0.349349	
0.971972	
0.4004	
0.498498	
0.702703	
0.605606	
0.205205	
0.462462	
0.663664	
0.944945	
0.812813	
0.847848	
0.304304	
0.600601	
0.48048	
0.162162	
0.628629	
0.301301	
0.363363	
0.86987	
0.399399	
0.936937	
0.884885	
0.168168	
0.645646	
0.840841	
0.292292	
0.468468	
0.981982	
0.45045	
0.732733	
0.676677	
0.338338	
0.875876	
0.0970971	
