0.807462	
0.294659	
-1.55399	
-0.362626	
-1.19766	
0.797356	
-1.18756	
-0.886029	
0.795112	
0.83807	
-0.797099	
-0.0184895	
-0.177088	
-0.795028	
0.500213	
0.578148	
0.754411	
0.906324	
-0.155338	
-0.862727	
1.08175	
0.399979	
-0.00791835	
0.175263	
-0.648799	
-1.37423	
-1.03755	
0.0405054	
0.368239	
0.256502	
-0.112928	
0.597866	
0.811545	
-0.265158	
0.681901	
1.15763	
-0.479991	
0.130203	
-0.396249	
0.903182	
0.215532	
-1.08365	
1.12535	
1.26495	
-0.251257	
0.61092	
-0.583836	
-1.38393	
-1.51235	
-0.52156	
